149998.43852699996 88076.01494499996 
108472.17857600002 101918.29011300002 
150662.672057 87652.26876099996 
107363.12580600001 102441.30579600002 
109209.128016 101367.14214700005 
151783.80641999998 87109.95642099997 
105555.655159 103154.792874 
99201.059725 111897.15164900004 
98092.49228400002 112689.612947 
97260.20497300003 113569.739501 
101009.02138 106677.751688 
87412.34336500002 136660.96465400004 
149666.35096699998 88951.78886399996 
102104.026913 105807.33400000002 
90485.37175400005 123957.44671900001 
127324.81041999997 91504.70443500002 
120489.76296200002 99243.04731400002 
120558.96464400004 97557.23339800003 
147206.271245 89048.65218999998 
114355.979019 100383.69249100002 
115293.45747600001 99775.12950600004 
89152.87303400005 127780.67854800001 
99490.623867 110167.07777599999 
151017.04135500002 87275.99725099996 
150386.44521300003 88038.13117699996 
132253.88384699996 89523.148543 
99423.67558899998 111640.678287 
127309.52489699997 92891.21021400004 
89749.12694700003 125886.05108799998 
87614.46551900002 135119.469049 
93325.06267200001 114466.79894200001 
156331.54806700003 86663.01444899997 
112086.49675999998 101150.78905600002 
92537.41508900005 123912.113837 
125998.45812299999 93395.64961800002 
150603.132744 87817.54059799999 
123520.82699099997 95622.65797500002 
86850.35458999999 146874.13086100007 
88056.46406000004 129445.06508799999 
105465.37910100001 105052.706082 
