 91 77 95 43 35 23 87 21 15 80 61 79 93 71 7 64 9 58 98 31 26 33 29 57 22 50 76 17 32 13 82 78 8 75 2 38 94 96 86 5 14 81 49 19 37 85 4 66 44 47 63 56 90 10 27 69 52 84 92 48 74 45 68 25 97 20 46 0 11 70 59 1 12 16 18 40 30 53 24 34 60 89 39 99 73 6 54 41 3 51 36 55 67 72 28 65 83 62 88 42 
 32 77 95 47 82 6 66 61 97 26 33 89 78 83 80 29 85 38 69 9 58 98 49 57 37 79 75 2 94 19 74 64 73 35 44 59 8 93 63 50 86 23 21 22 7 65 52 96 87 3 15 17 90 27 11 76 16 91 18 88 46 48 56 34 84 92 67 99 55 25 20 71 10 0 28 70 45 81 1 12 30 41 62 5 14 31 24 68 53 4 51 36 72 39 60 42 13 40 54 43 
 91 77 95 43 35 23 87 21 15 80 61 79 93 71 64 9 58 98 31 26 33 29 57 7 22 50 76 17 32 13 82 6 8 75 2 38 94 96 86 5 14 81 49 19 37 85 4 66 44 47 63 56 90 10 27 69 52 84 92 48 74 45 68 25 97 20 24 0 11 70 59 1 12 16 18 40 30 53 46 34 60 89 39 99 73 78 54 41 3 51 36 55 67 72 28 65 83 62 88 42 
 32 77 95 47 82 6 66 61 97 26 33 89 78 83 80 29 85 38 69 98 58 9 49 57 37 79 75 2 94 19 74 7 73 35 44 59 8 93 63 50 86 23 21 22 65 52 96 87 64 3 15 17 90 27 11 76 16 91 18 88 46 48 56 34 84 92 67 99 55 25 20 71 10 0 28 70 45 81 1 12 30 41 62 5 14 31 24 68 53 4 51 36 72 39 60 42 13 40 54 43 
 77 95 47 80 61 66 99 36 29 75 2 42 19 49 78 9 58 98 31 82 57 53 79 64 83 44 43 81 32 93 14 63 50 86 37 89 69 55 73 23 21 22 87 65 52 71 7 3 15 17 90 27 11 76 16 91 18 88 46 8 56 34 84 92 67 68 25 20 0 96 10 28 70 59 1 12 30 41 62 5 48 45 26 85 38 4 51 33 94 72 39 97 74 35 40 54 60 24 6 13 
 91 77 95 43 35 23 87 21 15 80 61 79 93 71 7 64 9 58 98 31 26 33 29 57 22 50 76 17 32 13 82 78 8 75 2 38 94 96 86 5 14 81 49 19 37 25 4 66 44 47 63 56 90 10 27 69 52 84 92 48 74 45 68 85 97 20 24 0 11 70 59 1 12 16 18 40 30 53 46 34 60 89 39 99 73 6 54 41 3 51 36 55 67 72 28 65 83 62 88 42 
 32 77 95 47 82 6 66 61 97 26 33 89 78 83 80 29 85 38 69 98 58 9 49 57 37 79 75 2 94 19 74 7 73 35 44 59 8 24 63 50 86 23 21 22 65 52 96 87 64 3 15 17 90 27 11 76 16 91 18 88 46 48 56 34 84 92 67 99 55 25 20 71 10 0 28 70 45 81 1 12 30 41 62 5 14 31 93 68 53 4 51 36 72 39 60 42 13 40 54 43 
 77 95 47 86 54 61 79 78 9 58 98 31 82 26 33 29 49 32 24 75 2 38 94 19 27 74 64 73 35 44 59 81 8 69 93 53 63 50 14 37 23 21 22 87 65 52 96 7 3 15 17 90 85 11 76 16 91 18 88 46 48 56 34 84 92 67 45 55 25 20 71 10 0 28 70 43 1 12 30 41 62 5 80 4 51 36 72 99 6 66 97 89 83 57 68 39 60 42 13 40 
 77 95 47 86 54 61 79 78 9 58 98 31 26 33 29 49 32 75 2 19 74 64 73 35 44 59 81 8 69 93 53 63 50 14 37 23 21 22 87 65 52 96 7 3 15 17 90 27 11 76 16 91 18 88 46 82 48 56 34 92 67 99 55 25 20 71 10 0 42 70 43 1 12 30 41 62 5 80 72 45 6 66 97 89 83 85 38 4 51 36 94 84 24 57 68 39 60 28 13 40 
 77 95 47 86 61 88 78 9 58 98 31 26 33 29 75 2 82 54 49 32 19 74 64 73 35 44 59 81 8 69 93 53 63 50 14 37 23 21 22 87 65 52 96 7 3 15 17 90 27 11 76 16 91 18 79 46 48 56 34 92 67 99 55 25 20 71 10 0 42 70 43 1 12 30 41 62 5 80 72 45 6 66 97 89 83 85 38 4 51 36 94 84 24 57 68 39 60 28 13 40 
 77 95 47 86 54 61 79 78 9 58 98 31 97 26 33 29 49 32 24 75 2 38 94 19 85 74 64 73 35 44 59 81 8 69 93 53 63 50 14 37 23 21 22 87 65 52 96 7 3 15 17 90 27 11 76 16 91 18 88 46 48 56 34 84 92 67 99 55 25 20 71 10 0 28 70 43 1 12 30 41 62 5 80 4 51 36 72 45 6 66 82 89 83 57 68 39 60 42 13 40 
 77 95 47 99 33 80 61 97 10 78 66 26 11 29 32 75 2 82 54 44 6 85 19 59 81 38 67 55 69 79 93 9 58 15 25 21 88 89 98 20 49 63 50 22 83 23 87 65 52 96 37 3 64 17 71 90 27 7 62 86 56 76 16 91 18 35 73 48 84 57 34 8 74 46 41 92 28 70 43 1 12 30 0 5 14 31 24 68 53 4 51 36 94 72 39 60 42 13 40 45 
 91 77 95 43 35 23 87 21 15 80 61 79 93 71 7 64 9 58 98 31 26 33 49 57 22 50 16 17 32 13 82 54 8 75 2 38 94 96 86 5 14 81 29 19 37 85 4 66 44 47 63 56 90 10 27 69 52 84 92 48 74 45 68 25 97 20 24 0 11 70 59 1 12 76 18 40 30 53 46 34 60 89 39 99 73 6 78 41 3 51 36 55 67 72 28 65 83 62 88 42 
 77 95 47 76 54 61 79 78 9 58 98 31 97 26 33 29 49 32 24 75 2 38 94 19 85 74 64 73 35 44 59 81 8 69 93 53 63 50 14 37 23 21 22 87 65 52 96 7 3 15 17 90 27 11 86 16 91 18 88 46 48 56 34 84 92 67 99 55 25 20 71 10 0 28 70 43 1 12 30 41 62 5 80 4 51 36 72 45 6 66 82 89 83 57 68 39 60 42 13 40 
 77 95 47 99 33 80 61 97 89 78 66 26 11 29 32 75 2 82 54 44 6 85 19 43 81 38 67 69 55 79 93 9 58 15 25 21 88 10 98 20 49 63 50 22 83 23 87 65 52 96 37 3 64 17 71 90 27 7 62 86 56 76 16 91 18 35 73 57 34 74 59 8 46 48 94 84 92 0 28 70 45 1 12 30 41 5 14 31 24 68 53 4 51 36 72 39 60 42 13 40 
 54 77 16 14 47 91 18 23 87 21 15 80 61 79 64 78 58 9 98 31 26 33 24 34 93 22 49 43 76 95 32 13 90 75 2 94 57 86 63 82 19 51 36 97 7 3 44 50 81 56 8 27 69 52 66 84 92 67 74 68 83 46 37 17 35 40 53 29 25 20 71 10 0 28 70 59 1 12 30 41 62 5 48 45 85 38 4 72 99 6 60 96 39 55 65 88 73 89 11 42 
 32 77 95 47 82 6 66 61 97 26 89 78 80 29 85 38 69 9 58 98 49 57 37 79 75 33 19 2 94 83 74 64 73 35 44 59 93 63 50 86 23 21 22 87 65 52 7 8 24 36 3 15 17 90 27 11 76 16 91 18 88 46 48 56 34 84 92 67 99 55 25 20 71 10 0 28 70 45 81 1 30 12 41 62 5 14 31 68 53 4 51 96 72 39 60 42 13 40 54 43 
 32 77 95 47 82 6 66 61 97 26 89 78 80 29 85 38 69 9 58 98 49 57 37 79 8 33 19 2 94 83 74 64 73 35 44 59 93 63 50 86 23 21 22 87 65 52 7 75 24 36 3 15 17 90 27 11 76 16 91 18 88 46 48 56 34 84 92 67 99 55 25 20 71 10 0 28 70 45 81 1 30 12 41 62 5 14 31 68 53 4 51 96 72 39 60 42 13 40 54 43 
 77 95 43 23 87 21 15 80 61 79 93 71 7 58 9 28 98 31 26 33 29 57 22 50 17 32 13 82 8 78 75 2 38 94 96 86 5 14 81 49 19 37 85 4 66 44 47 63 56 90 10 27 69 52 84 92 48 74 45 68 25 76 16 91 18 35 73 97 20 24 0 11 70 59 1 12 40 30 53 46 34 60 89 39 99 6 54 41 3 51 36 64 67 72 55 65 83 62 88 42 
 32 77 95 47 82 6 66 61 97 26 33 89 78 83 80 29 85 38 69 9 58 98 49 57 37 79 75 2 94 19 74 64 73 35 44 87 8 93 63 50 86 23 21 22 7 65 52 96 59 3 15 17 90 27 11 76 16 91 18 88 46 48 56 34 84 92 67 99 55 25 20 71 10 0 28 70 45 81 1 12 30 41 62 5 14 31 24 68 53 4 51 36 72 39 60 42 13 40 54 43 
 32 77 95 47 82 6 66 61 97 26 33 89 78 83 80 4 85 38 69 9 58 98 49 57 37 79 75 2 94 19 74 64 73 35 44 87 8 93 63 50 86 23 21 22 7 65 52 96 59 3 15 17 90 27 11 76 16 91 18 88 46 48 56 34 84 92 67 99 55 25 20 71 10 0 28 70 45 81 1 12 30 41 62 5 14 31 24 68 53 29 51 36 72 39 60 42 13 40 54 43 
 77 95 47 99 33 80 61 97 89 78 66 26 11 1 32 75 2 82 44 6 85 19 43 4 38 67 79 93 9 15 55 92 58 69 25 21 88 10 98 20 59 63 50 22 83 23 87 65 52 96 37 64 3 17 71 90 27 7 62 86 56 76 16 91 18 35 73 48 84 57 34 8 74 46 0 28 70 49 29 12 30 41 5 14 31 24 68 53 81 51 36 94 72 39 60 42 13 40 54 45 
 77 95 47 86 54 61 79 78 9 58 98 31 26 33 29 49 32 75 2 19 74 64 73 35 44 59 81 8 69 93 53 63 50 14 37 23 21 22 87 65 52 96 7 3 15 17 90 27 42 76 16 91 18 88 46 82 48 56 34 92 67 99 55 25 20 71 10 0 11 70 43 1 12 30 41 62 5 80 72 45 6 66 97 89 83 85 38 4 51 36 94 84 24 57 68 39 60 28 13 40 
 91 77 95 43 35 23 87 21 15 80 61 79 93 71 7 64 9 58 98 31 26 33 29 57 22 50 76 17 32 13 82 78 8 28 2 38 94 96 86 5 14 81 49 19 37 85 4 66 44 47 63 56 90 10 27 69 52 84 92 48 74 45 68 25 97 20 24 0 11 70 59 1 12 16 18 40 30 53 46 34 60 89 39 99 73 6 54 41 3 51 36 55 67 72 75 65 83 62 88 42 
 91 77 95 43 35 23 87 21 15 80 61 79 93 71 7 64 9 58 98 31 26 33 29 57 22 50 76 54 32 13 82 78 8 75 2 38 94 96 86 5 14 81 49 19 37 25 4 66 44 47 63 56 90 10 27 69 52 84 92 48 74 45 68 85 97 20 24 0 11 70 59 1 12 16 18 40 30 53 46 34 60 89 39 99 62 6 17 41 3 51 36 55 67 72 28 65 83 73 88 42 
 54 77 91 14 47 95 18 23 87 21 15 80 61 79 64 78 58 9 98 31 26 33 24 34 93 22 49 43 76 16 32 13 90 75 2 94 57 86 63 82 19 51 36 97 7 3 44 50 81 56 8 27 69 52 72 84 92 67 74 68 83 46 37 17 35 40 53 29 25 20 71 10 0 28 70 59 1 12 30 41 62 5 48 45 85 38 4 66 99 6 60 96 39 55 65 88 73 89 11 42 
 32 77 95 47 82 6 66 61 11 97 34 26 33 48 89 78 80 29 85 19 59 71 38 90 2 22 18 69 55 79 93 9 15 25 21 88 10 58 98 20 49 63 50 44 83 23 87 64 52 96 37 65 3 17 75 27 7 86 56 76 16 91 57 46 35 73 84 45 67 8 99 0 28 70 54 1 12 30 41 62 5 14 31 92 24 68 53 4 51 36 94 72 39 74 60 42 13 40 43 81 
 54 77 16 14 47 91 18 23 87 21 15 80 61 79 64 78 58 9 98 31 26 33 24 34 93 22 49 43 76 95 32 13 90 75 2 94 57 86 63 82 19 51 36 97 7 3 44 50 81 56 8 27 69 52 66 84 92 67 74 68 83 46 37 17 35 40 53 4 25 20 71 10 0 28 70 59 1 12 30 41 62 5 48 45 85 38 29 72 99 6 60 96 39 55 65 88 73 89 11 42 
 77 95 47 99 33 80 61 97 89 78 66 26 59 54 32 75 2 82 44 6 85 19 43 4 38 67 79 93 9 15 55 92 58 69 25 21 88 10 98 20 49 63 50 22 83 23 87 65 52 96 37 64 3 17 71 90 27 7 62 86 56 76 16 91 18 35 73 48 84 57 34 8 74 46 0 28 70 11 29 12 30 41 5 14 31 24 68 81 1 53 51 36 94 72 39 60 42 13 40 45 
 77 95 47 99 33 80 61 97 89 96 66 26 11 29 32 75 2 82 54 44 6 85 19 43 81 38 67 69 55 79 93 9 58 15 25 21 88 10 98 20 49 63 50 22 83 23 87 65 52 78 37 3 64 17 71 90 27 7 62 86 56 76 16 91 18 35 73 48 84 57 34 8 74 46 41 92 28 70 59 1 12 30 0 5 14 31 24 68 53 4 51 36 94 72 39 60 42 13 40 45 
 32 77 95 47 82 6 66 61 11 97 99 26 33 48 89 78 80 29 85 19 59 75 38 2 44 57 46 15 55 79 93 9 58 69 25 21 88 10 98 20 49 63 50 22 83 23 87 65 52 96 37 64 3 17 71 90 27 7 62 86 56 76 16 91 18 35 73 84 45 67 8 34 0 28 70 43 1 12 30 41 5 14 31 92 24 68 53 4 51 36 94 72 39 74 60 42 13 40 54 81 
 91 77 95 43 35 23 87 21 15 80 61 79 93 71 7 64 9 58 98 31 26 33 29 57 22 50 76 17 32 3 82 78 8 75 2 38 94 96 86 5 14 81 49 19 37 85 4 66 44 47 63 56 90 10 27 69 52 84 92 48 74 45 68 25 97 20 24 0 11 70 59 1 12 16 18 40 30 53 46 34 60 89 39 99 73 6 54 41 13 51 36 55 67 72 28 65 83 62 88 42 
 77 95 47 80 61 66 99 36 29 75 2 42 19 78 9 58 98 31 82 57 53 79 64 83 44 43 81 32 93 59 63 50 86 37 89 69 55 73 23 21 22 87 65 52 71 7 3 15 17 90 11 8 84 27 49 76 16 91 18 5 46 48 26 34 56 92 67 68 25 20 0 96 10 28 70 14 1 12 30 41 62 88 45 85 38 4 51 33 94 72 39 97 74 35 40 54 60 24 6 13 
 77 95 47 99 33 80 61 97 89 78 66 26 11 68 32 75 2 82 54 44 6 85 19 43 81 38 67 69 55 79 93 9 58 15 25 21 88 10 98 20 49 63 50 22 83 23 87 65 52 96 37 3 64 17 71 90 27 7 62 86 56 76 16 91 18 35 73 57 34 74 59 8 46 48 94 84 92 0 28 70 45 1 12 30 41 5 14 31 24 29 53 4 51 36 72 39 60 42 13 40 
 54 77 16 14 47 91 18 23 87 21 15 80 61 79 64 78 58 9 98 31 26 33 24 34 93 22 49 43 76 95 32 13 90 75 2 94 57 51 63 82 19 86 72 97 7 3 44 50 81 56 8 27 69 52 66 84 92 67 74 68 83 46 37 17 35 40 53 29 25 20 71 10 0 28 70 59 1 12 30 41 62 5 48 45 85 38 4 36 99 6 60 96 39 55 65 88 73 89 11 42 
 91 77 95 43 35 23 87 21 15 80 61 79 93 71 7 64 9 58 98 31 26 33 29 57 22 76 17 32 13 82 78 8 75 2 38 94 86 5 14 49 19 37 25 4 44 47 63 50 81 56 96 27 69 52 66 84 92 90 10 48 74 45 68 85 97 20 24 0 11 70 59 1 53 42 18 40 30 12 46 34 60 89 39 99 73 6 54 41 3 51 36 55 67 72 28 65 83 62 88 16 
 54 77 16 14 93 91 18 23 87 21 15 80 61 79 64 78 58 9 98 31 26 33 24 34 47 22 49 43 76 95 32 13 90 75 2 94 57 86 63 82 19 51 36 97 7 3 44 50 81 56 8 27 69 52 66 84 92 67 74 68 83 46 37 17 35 40 53 29 25 20 71 10 0 28 70 59 1 12 30 41 62 5 48 45 85 38 4 72 99 6 60 96 39 55 65 88 73 89 11 42 
 77 95 47 99 33 19 61 97 89 78 66 26 11 29 32 75 2 82 54 44 6 85 80 43 81 38 67 69 55 79 93 9 58 88 25 21 15 10 98 20 49 63 50 22 83 23 87 65 52 96 37 64 3 17 71 5 27 62 86 76 46 35 73 56 84 57 34 8 7 16 91 18 48 74 41 92 28 59 70 1 12 30 0 90 14 31 24 68 53 4 51 36 94 72 39 60 42 13 40 45 
 77 95 47 45 33 80 61 97 89 78 24 26 11 29 32 75 2 82 54 44 6 85 19 43 81 38 67 69 55 79 93 9 58 15 25 21 88 10 98 20 49 63 50 22 83 23 87 65 52 96 37 64 3 17 71 90 27 7 62 86 56 76 16 91 18 35 73 48 41 57 34 8 74 46 84 92 28 70 59 1 12 30 0 5 14 31 66 68 53 4 51 36 94 72 39 60 42 13 40 99 
 32 77 95 47 82 6 66 61 97 26 33 89 78 86 80 29 85 38 69 98 58 9 49 57 37 79 75 2 94 19 74 7 73 35 44 59 8 24 63 50 83 23 21 22 65 52 96 87 64 3 15 17 90 27 11 76 16 91 18 88 46 48 56 34 84 92 67 99 55 25 20 71 10 0 28 70 45 81 1 12 30 41 62 5 14 31 93 68 53 4 51 36 72 39 60 42 13 40 54 43 
