 6 0 10 41 3 18 35 34 19 33 71 2 63 11 12 21 13 37 60 43 26 65 20 30 17 58 22 47 5 25 32 67 23 14 27 7 73 4 69 9 61 52 1 57 15 72 68 16 31 28 48 24 8 56 51 44 36 49 38 59 62 29 45 55 42 64 39 74 66 40 54 70 46 53 50 
 6 0 10 41 3 18 35 34 19 33 71 2 63 11 30 12 21 13 37 60 43 26 20 65 58 28 17 22 47 5 25 32 67 29 14 4 73 7 69 9 61 52 1 57 15 72 48 23 56 68 16 31 27 24 8 38 59 62 66 49 36 45 55 64 42 51 44 39 74 40 54 70 46 53 50 
 6 0 10 41 3 18 35 34 19 33 71 2 63 11 30 12 21 13 37 60 43 26 20 65 28 58 17 22 47 5 44 25 32 67 29 14 4 73 7 69 9 61 52 1 57 15 72 68 16 51 45 27 24 56 36 48 49 38 59 62 8 23 55 42 64 31 39 74 66 40 54 70 46 53 50 
 6 0 10 41 3 18 35 34 19 33 71 2 63 11 61 21 13 37 60 43 26 65 20 30 17 58 22 47 5 25 32 67 23 48 14 7 73 4 69 9 12 68 1 57 15 72 52 16 27 31 28 24 8 56 55 44 36 49 38 59 62 29 45 51 42 64 39 74 66 40 54 70 46 53 50 
 6 0 10 41 3 18 35 34 19 33 71 2 63 11 30 12 21 13 37 60 43 26 20 65 28 58 17 22 47 14 25 32 15 23 48 5 7 73 4 69 9 61 52 1 57 67 72 68 16 31 27 24 8 56 38 59 62 66 49 36 29 45 55 64 42 44 51 39 74 40 54 70 46 50 53 
 6 0 10 41 28 18 61 35 19 33 71 2 63 11 34 12 21 13 37 60 43 26 20 30 58 22 47 5 17 32 67 23 48 14 4 69 9 65 52 15 72 68 16 3 27 24 49 56 38 59 62 31 25 36 29 45 55 64 42 44 51 39 8 7 73 1 57 66 74 40 54 70 46 53 50 
 6 0 10 41 3 18 35 34 19 33 63 2 71 11 61 21 13 37 60 43 26 65 20 30 17 58 22 47 5 25 32 67 23 48 14 7 73 4 69 9 12 68 1 57 15 72 52 59 27 31 28 24 8 56 55 44 36 49 38 16 62 29 45 51 42 64 39 74 66 40 54 70 46 53 50 
 45 0 10 41 31 18 35 34 19 33 71 2 63 11 30 12 21 13 37 60 43 26 20 65 28 17 58 22 47 5 25 32 67 14 4 73 7 69 9 61 52 1 57 15 72 68 16 3 27 24 66 29 6 56 36 48 49 38 59 62 8 23 55 64 42 44 51 39 74 40 54 70 46 53 50 
 6 0 10 41 3 18 35 34 19 2 71 33 63 11 30 12 21 13 37 60 43 26 20 65 58 28 17 22 47 5 25 29 14 32 67 23 48 4 73 7 69 9 61 50 1 57 15 72 68 16 31 27 24 8 52 38 51 56 59 55 62 40 45 42 64 44 49 36 39 74 66 54 70 46 53 
 6 0 10 41 35 18 65 3 34 19 33 71 2 63 11 12 21 39 37 60 43 26 20 30 28 17 58 22 47 5 25 32 67 23 48 14 4 73 7 69 9 61 56 1 57 15 72 49 68 16 31 27 24 8 52 38 59 62 66 29 36 45 55 64 42 44 51 13 74 40 54 70 46 53 50 
 6 0 10 41 3 18 35 34 19 33 71 2 63 11 30 12 21 13 37 60 43 26 20 65 28 58 17 22 47 14 25 32 15 23 48 5 7 73 67 69 9 61 4 44 1 57 72 68 16 31 27 24 8 56 51 52 36 49 38 59 62 29 45 55 42 64 39 74 66 40 54 70 46 53 50 
 6 0 10 41 35 18 65 3 57 19 33 71 2 63 11 12 21 39 37 60 43 26 20 30 28 17 58 22 47 5 25 32 67 23 48 14 4 73 7 69 9 61 56 1 34 15 72 49 68 16 31 27 24 8 52 38 59 62 66 29 36 45 55 64 42 44 51 13 74 40 54 70 46 53 50 
 6 0 10 41 3 18 65 35 34 19 4 16 2 63 11 21 13 37 43 26 20 30 17 58 22 47 14 59 45 67 23 48 5 33 60 12 73 7 69 9 61 57 1 56 15 72 68 71 31 28 27 24 8 52 38 25 62 66 49 36 29 32 55 64 42 44 51 39 74 40 54 70 46 53 50 
 6 0 10 41 3 18 35 34 19 33 71 2 63 11 30 12 21 13 25 60 43 26 20 65 28 17 58 22 47 5 37 32 56 48 14 4 73 7 69 9 61 50 1 57 15 72 23 67 68 16 31 27 24 8 38 59 62 66 49 36 29 45 55 64 42 51 44 39 74 40 54 70 46 53 52 
