88793.72405299998 140529.01330999998
100067.93849799999 105039.24055599998
94569.446764 113854.86024
107038.53021300006 98402.51569799999
87611.61510299999 146329.77400599993
95555.46507399998 113383.15004000002
95845.24285999997 108779.98061100002
122938.91949899997 83803.53092500001
86863.60900799998 146487.58610099996
93747.942993 116234.195435
109714.12697400001 92106.121243
92232.24612599998 120980.746377
97854.212244 107934.10252100001
122509.92770399999 86431.93716399999
88142.48869199998 144565.94758799995
122513.456145 85020.54288199997
104816.56376399998 99725.27639300002
109805.02744800002 91931.06751399998
108648.241412 92226.06518699997
90546.962695 131982.45594499997
98345.93035299999 106098.823239
120476.630948 88028.48937
99275.376385 106038.46216300002
119199.53123499999 88444.92432799998
100897.20889099999 100805.901348
103255.64367300001 100711.80027
108332.96172700003 92294.70147399999
107262.42829000005 98385.59152199999
111709.869567 89501.65254299996
100631.667802 101956.926202
108288.99672000001 92369.04679599998
106301.58834300005 99354.20854800004
108182.222286 92645.14101299997
95308.836069 113798.78081600001
118184.27905 89463.37946899998
97028.461757 89930.19065000002
108725.78399999994 82358.94292899998
105798.24757699993 84983.08082900003
133253.82504499995 79174.569193
103092.31900799999 86950.912674
91686.07751200002 97468.68433000003
100739.18871799999 87326.628878
95699.58371199999 92843.743038
112702.14935999997 81115.50309099999
88702.62619100002 122882.64899099994
133645.32915599993 79034.48062599998
131284.21536999996 80002.18900199998
90237.54839500002 114016.58126299997
100502.08942199999 88736.68037800002
88324.47465299998 130163.13950199995
95947.26358399999 90129.63566600002
107446.80050799994 84040.80110400001
121347.43630899998 80197.550514
104580.81345899998 86056.34310900001
90667.03301100002 113917.43415999998
104873.88892099998 85870.36790200001
87977.94723 131917.78367700003
103535.78649099999 86203.80431600001
99922.895838 88760.24266700001
103328.89328499998 86834.73896800002
122861.65762299995 85848.20182400003
93089.04714599995 114346.54144900001
119927.83288099998 86904.54825900003
85321.60125299999 129366.84735600003
89087.69312999996 121967.90439400001
112344.02556699998 87444.86298300003
125352.32485399999 84552.843878
111575.71055999999 91317.36216
112039.82311099999 90810.56555300001
86454.036115 126206.12259299998
101565.72950300002 95558.74309800004
93158.61400299995 112783.17051600001
112187.34339899996 90054.88290500002
83701.06596300002 134659.638447
123197.49373599997 85845.93367700004
89903.82801599997 117874.50004500005
100524.51757100002 95704.44624700004
88221.67644499996 123695.95451800003
89890.30369400002 119442.57998300003
98769.586822 96042.80768900004
89604.942004 119982.21663200003
107663.14833799998 92836.23395400004
122264.40512999994 86502.91362899997
111367.30831599994 92700.70361700004
106059.58220399999 93161.66313400003
95837.01879699997 102308.08493900005
91613.51673499997 117521.62661000004
124472.93929699999 85626.73458900001
93113.88524799996 114318.37925800006
105648.468653 95396.50951500003
128422.28917299998 83545.64512499998
113258.57687500006 94498.324944
87851.40162099997 123238.47482199997
102646.93631200003 111587.53387899998
126779.10524800004 90971.10803599998
134946.56895 89801.60231499997
132968.620555 90256.722146
134807.198696 89829.53040699997
95586.28779600003 116150.01959600003
135853.45227100002 87651.90115100001
85217.41977299999 129484.74486600004
92411.89407900002 117326.52739500003
129998.94865300003 90647.17391
81647.38426299999 142995.18736399995
85371.51296799995 124526.76236300002
83400.115552 131120.15050400002
98284.215968 115030.66633600005
82234.29830099999 138202.67886700007
91448.96109500002 118129.83203300003
101590.54151600003 113297.413802
87767.011051 123789.98375399997
134680.165751 89832.88342299998
89159.440378 118924.260267
89919.45074600002 118659.58802400001
120352.64702600004 93572.67369400004
122748.92302100001 91961.96678900001
108107.019025 98792.10778300003
134997.926061 87758.31356000001
134099.255446 89856.72401899999
82186.34331899999 142625.457815
108029.57314200002 104941.95010200002
126384.05280600004 91862.23379
100785.04800700005 113971.780864
112570.73250700004 94908.29022200001
104952.34229500001 107687.53393300001
106823.69331000005 107066.358737
103080.14929900004 110451.19234999998
122589.28734200001 93035.839415
133584.4004 89886.22956999997
118985.302919 93755.70942899998
88508.55093599999 123064.07448599998
121873.04335100001 93132.418511
